[
    [
        [
            [
                140,
                160
            ],
            [
                222,
                162
            ],
            [
                222,
                198
            ],
            [
                140,
                197
            ]
        ],
        "Life"
    ],
    [
        [
            [
                282,
                162
            ],
            [
                378,
                162
            ],
            [
                378,
                198
            ],
            [
                282,
                198
            ]
        ],
        "goal"
    ]
]