[
    [
        [
            [
                370,
                572
            ],
            [
                646,
                572
            ],
            [
                646,
                660
            ],
            [
                370,
                660
            ]
        ],
        [
            [
                0,
                0
            ],
            [
                223,
                63
            ]
        ]
    ]
]