[
    [
        [
            [
                706,
                46
            ],
            [
                940,
                74
            ],
            [
                920,
                168
            ],
            [
                684,
                140
            ]
        ],
        [
            [
                0,
                0
            ],
            [
                127,
                63
            ]
        ]
    ],
    [
        [
            [
                84,
                94
            ],
            [
                612,
                16
            ],
            [
                650,
                150
            ],
            [
                120,
                228
            ]
        ],
        [
            [
                0,
                64
            ],
            [
                255,
                127
            ]
        ]
    ],
    [
        [
            [
                131,
                726
            ],
            [
                939,
                731
            ],
            [
                926,
                937
            ],
            [
                83,
                962
            ]
        ],
        [
            [
                0,
                128
            ],
            [
                255,
                191
            ]
        ]
    ]
]