[
    [
        [
            [
                249,
                151
            ],
            [
                701,
                105
            ],
            [
                707,
                164
            ],
            [
                255,
                210
            ]
        ],
        [
            [
                0,
                0
            ],
            [
                207,
                63
            ]
        ]
    ],
    [
        [
            [
                426,
                208
            ],
            [
                657,
                188
            ],
            [
                663,
                260
            ],
            [
                432,
                279
            ]
        ],
        [
            [
                0,
                64
            ],
            [
                111,
                127
            ]
        ]
    ],
    [
        [
            [
                356,
                457
            ],
            [
                737,
                407
            ],
            [
                746,
                480
            ],
            [
                365,
                531
            ]
        ],
        [
            [
                0,
                128
            ],
            [
                207,
                191
            ]
        ]
    ],
    [
        [
            [
                315,
                572
            ],
            [
                882,
                498
            ],
            [
                896,
                609
            ],
            [
                330,
                683
            ]
        ],
        [
            [
                0,
                192
            ],
            [
                159,
                255
            ]
        ]
    ],
    [
        [
            [
                74,
                814
            ],
            [
                379,
                793
            ],
            [
                384,
                864
            ],
            [
                79,
                885
            ]
        ],
        [
            [
                0,
                256
            ],
            [
                159,
                319
            ]
        ]
    ],
    [
        [
            [
                49,
                908
            ],
            [
                494,
                869
            ],
            [
                499,
                932
            ],
            [
                55,
                971
            ]
        ],
        [
            [
                0,
                320
            ],
            [
                255,
                383
            ]
        ]
    ]
]