[
    [
        [
            [
                155,
                156
            ],
            [
                790,
                152
            ],
            [
                791,
                297
            ],
            [
                156,
                301
            ]
        ],
        [
            [
                0,
                0
            ],
            [
                319,
                63
            ]
        ]
    ],
    [
        [
            [
                162,
                323
            ],
            [
                840,
                313
            ],
            [
                837,
                419
            ],
            [
                152,
                421
            ]
        ],
        [
            [
                0,
                64
            ],
            [
                367,
                127
            ]
        ]
    ],
    [
        [
            [
                160,
                459
            ],
            [
                806,
                459
            ],
            [
                800,
                602
            ],
            [
                157,
                608
            ]
        ],
        [
            [
                0,
                128
            ],
            [
                287,
                191
            ]
        ]
    ]
]