[
    [
        [
            [
                244,
                364
            ],
            [
                782,
                364
            ],
            [
                782,
                464
            ],
            [
                244,
                464
            ]
        ],
        [
            [
                0,
                0
            ],
            [
                479,
                63
            ]
        ]
    ]
]