[
    [
        [
            [
                244,
                641
            ],
            [
                782,
                662
            ],
            [
                771,
                753
            ],
            [
                243,
                732
            ]
        ],
        [
            [
                0,
                0
            ],
            [
                159,
                63
            ]
        ]
    ],
    [
        [
            [
                273,
                761
            ],
            [
                756,
                770
            ],
            [
                751,
                871
            ],
            [
                268,
                862
            ]
        ],
        [
            [
                0,
                64
            ],
            [
                287,
                127
            ]
        ]
    ]
]