[
    [
        [
            [
                178,
                130
            ],
            [
                316,
                125
            ],
            [
                318,
                163
            ],
            [
                180,
                168
            ]
        ],
        [
            [
                0,
                0
            ],
            [
                271,
                63
            ]
        ]
    ]
]