[
    [
        [
            [
                142,
                330
            ],
            [
                368,
                328
            ],
            [
                369,
                354
            ],
            [
                142,
                356
            ]
        ],
        [
            [
                0,
                0
            ],
            [
                175,
                63
            ]
        ]
    ]
]