[
    [
        [
            [
                140,
                160
            ],
            [
                222,
                162
            ],
            [
                222,
                198
            ],
            [
                140,
                197
            ]
        ],
        [
            [
                0,
                0
            ],
            [
                95,
                63
            ]
        ]
    ],
    [
        [
            [
                282,
                162
            ],
            [
                378,
                162
            ],
            [
                378,
                198
            ],
            [
                282,
                198
            ]
        ],
        [
            [
                0,
                64
            ],
            [
                111,
                127
            ]
        ]
    ]
]