[
    [
        [
            [
                185,
                401
            ],
            [
                294,
                407
            ],
            [
                292,
                450
            ],
            [
                182,
                443
            ]
        ],
        [
            [
                0,
                0
            ],
            [
                175,
                63
            ]
        ]
    ]
]